[soe][Equalizer#0]
numBands=8

[soe][Equalizer#0#left]
band0Frequency=33.71373705661655
band0Q=1.229195839085688
band10Type=0
band11Type=0
band12Type=0
band13Type=0
band14Type=0
band15Type=0
band16Type=0
band17Type=0
band18Type=0
band19Type=0
band1Frequency=79.94786957565145
band1Q=1.229195839085688
band20Type=0
band21Type=0
band22Type=0
band23Type=0
band24Type=0
band25Type=0
band26Type=0
band27Type=0
band28Type=0
band29Type=0
band2Frequency=189.58627573536728
band2Q=1.2291958390856883
band30Type=0
band31Type=0
band3Frequency=449.57990923317016
band3Q=0.7
band4Frequency=1066.1219753492933
band4Gain=-1
band4Q=0.7
band5Frequency=2528.173619371377
band5Gain=-2
band5Q=0.7
band6Frequency=5995.2444443247405
band6Gain=-3
band6Q=0.7
band7Frequency=14216.965034285808
band7Gain=-5
band7Q=0.7
band8Type=0
band9Type=0

[soe][Equalizer#0#right]
band0Frequency=33.71373705661655
band0Q=1.229195839085688
band10Type=0
band11Type=0
band12Type=0
band13Type=0
band14Type=0
band15Type=0
band16Type=0
band17Type=0
band18Type=0
band19Type=0
band1Frequency=79.94786957565145
band1Q=1.229195839085688
band20Type=0
band21Type=0
band22Type=0
band23Type=0
band24Type=0
band25Type=0
band26Type=0
band27Type=0
band28Type=0
band29Type=0
band2Frequency=189.58627573536728
band2Q=1.2291958390856883
band30Type=0
band31Type=0
band3Frequency=449.57990923317016
band3Q=0.7
band4Frequency=1066.1219753492933
band4Gain=-1
band4Q=0.7
band5Frequency=2528.173619371377
band5Gain=-2
band5Q=0.7
band6Frequency=5995.2444443247405
band6Gain=-3
band6Q=0.7
band7Frequency=14216.965034285808
band7Gain=-5
band7Q=0.7
band8Type=0
band9Type=0
